f(c_ij) = 1\exp(alpha r^beta t^gamma).
best_alpha = 0.81, best_beta = 0.3, best_gamma = 0.2


Source  Sink    Real CorrespModeled Corresp

1       1       40.0      44.22665811221907
1       2       4.0       4.358881559820283
1       3       3.0       4.432754817859424
1       4       2.0       1.977875328514768
1       5       2.0       3.8131722966161568
1       6       4.0       2.8368847969799713
1       7       6.0       1.4539655437540167
1       8       3.0       2.589346620603862
1       9       0.0       0.0       
1       10      0.0       0.0       
1       11      1.0       0.7685398799431696
1       12      0.0       0.0       
1       13      2.0       0.5418394737909208
1       14      0.0       0.0       
1       15      0.0       0.0       
1       16      0.0       0.0       
1       17      0.0       0.0       
1       18      0.0       0.0       
1       19      0.0       0.0       
1       20      0.0       0.0       
1       21      0.0       0.0       
1       22      0.0       0.0       
2       1       29.0      30.450499277024154
2       2       51.0      55.28743833998608
2       3       5.0       7.550596028839572
2       4       5.0       3.816244800599358
2       5       5.0       2.770947947435314
2       6       5.0       2.792928241566551
2       7       1.0       4.4713200913556586
2       8       8.0       5.097114336863223
2       9       6.0       5.720498643572474
2       10      0.0       0.0       
2       11      0.0       0.0       
2       12      1.0       0.5960249843424767
2       13      0.0       0.0       
2       14      0.0       0.0       
2       15      6.0       3.4462853904192077
2       16      0.0       0.0       
2       17      0.0       0.0       
2       18      0.0       0.0       
2       19      0.0       0.0       
2       20      0.0       0.0       
2       21      0.0       0.0       
2       22      0.0       0.0       
3       1       28.0      31.815145476795237
3       2       11.0      14.001309886161916
3       3       55.0      49.46037611296012
3       4       8.0       7.34609351337896
3       5       3.0       3.695110140065076
3       6       5.0       2.8451331854183595
3       7       3.0       2.354521031402503
3       8       4.0       4.527056540267914
3       9       2.0       3.7399687465012996
3       10      0.0       0.0       
3       11      3.0       2.6513730627969996
3       12      1.0       1.733298643248624
3       13      0.0       0.0       
3       14      1.0       0.09369115220708554
3       15      2.0       1.7367992664856524
3       16      0.0       0.0       
3       17      0.0       0.0       
3       18      0.0       0.0       
3       19      0.0       0.0       
3       20      0.0       0.0       
3       21      0.0       0.0       
3       22      0.0       0.0       
4       1       31.0      26.73986710119993
4       2       6.0       5.722046775337373
4       3       4.0       10.086639376747762
4       4       36.0      30.468784256576047
4       5       5.0       7.33131920471876
4       6       3.0       7.898334717874904
4       7       4.0       1.6732666029063867
4       8       4.0       3.2372177805548064
4       9       2.0       0.9580843516767378
4       10      0.0       0.0       
4       11      0.0       0.0       
4       12      2.0       3.3162785313845338
4       13      1.0       0.5680362870244227
4       14      0.0       0.0       
4       15      0.0       0.0       
4       16      0.0       0.0       
4       17      0.0       0.0       
4       18      0.0       0.0       
4       19      0.0       0.0       
4       20      0.0       0.0       
4       21      0.0       0.0       
4       22      0.0       0.0       
5       1       27.0      25.81952946738848
5       2       6.0       3.66915354683394
5       3       4.0       2.7450890099591017
5       4       7.0       11.838491825143974
5       5       38.0      40.765230491844285
5       6       12.0      11.253030142817137
5       7       3.0       5.038723019853451
5       8       6.0       4.124269260380035
5       9       4.0       2.087438197497314
5       10      0.0       0.0       
5       11      1.0       0.47769253559736075
5       12      4.0       5.175040674327423
5       13      0.0       0.0       
5       14      0.0       0.0       
5       15      0.0       0.0       
5       16      0.0       0.0       
5       17      0.0       0.0       
5       18      0.0       0.0       
5       19      1.0       0.006164207253637151
5       20      0.0       0.0       
5       21      0.0       0.0       
5       22      0.0       0.0       
6       1       22.0      25.39298843853284
6       2       11.0      5.193730648468187
6       3       3.0       2.2601164443064996
6       4       3.0       3.6817517364863144
6       5       11.0      10.353113370664657
6       6       42.0      38.19440381042632
6       7       9.0       10.959724729955926
6       8       8.0       8.34448406809878
6       9       0.0       0.0       
6       10      0.0       0.0       
6       11      0.0       0.0       
6       12      1.0       6.0346143625488535
6       13      2.0       4.8224506390288076
6       14      1.0       0.10933085347453592
6       15      2.0       0.6464678126871574
6       16      0.0       0.0       
6       17      0.0       0.0       
6       18      1.0       0.006676165771116054
6       19      0.0       0.0       
6       20      0.0       0.0       
6       21      0.0       0.0       
6       22      0.0       0.0       
7       1       32.0      26.741280520664596
7       2       5.0       3.5008376698869785
7       3       1.0       0.7825507945658141
7       4       5.0       5.533632255171209
7       5       5.0       4.082985838880715
7       6       7.0       17.17523180580163
7       7       53.0      35.70791767517545
7       8       8.0       29.440414634893795
7       9       3.0       1.9475917942690824
7       10      0.0       0.0       
7       11      0.0       0.0       
7       12      0.0       0.0       
7       13      3.0       2.274193785469896
7       14      2.0       0.28492143525199587
7       15      2.0       0.48847521667212646
7       16      1.0       0.029379983182097967
7       17      0.0       0.0       
7       18      1.0       0.010425675431705838
7       19      0.0       0.0       
7       20      0.0       0.0       
7       21      0.0       0.0       
7       22      0.0       0.0       
8       1       30.0      24.73461876669183
8       2       6.0       7.7634397630728635
8       3       2.0       3.9737444941699533
8       4       5.0       2.6076726333167355
8       5       3.0       2.8833005205859323
8       6       8.0       8.16240538517163
8       7       6.0       9.646574096652184
8       8       50.0      51.36111169389657
8       9       4.0       3.110796166444604
8       10      0.0       0.0       
8       11      0.0       0.0       
8       12      1.0       0.4859095134099677
8       13      2.0       3.2092740864391227
8       14      1.0       0.061007668374545555
8       15      0.0       0.0       
8       16      0.0       0.0       
8       17      0.0       0.0       
8       18      0.0       0.0       
8       19      0.0       0.0       
8       20      0.0       0.0       
8       21      0.0       0.0       
8       22      0.0       0.0       
9       1       22.0      14.90036359873682
9       2       8.0       14.990721587397834
9       3       2.0       2.069405490402378
9       4       1.0       1.0925422516279442
9       5       3.0       1.4526321523625105
9       6       3.0       2.042341989945776
9       7       2.0       2.2990886922432114
9       8       9.0       9.384746447648968
9       9       28.0      31.421291020232555
9       10      1.0       0.6338163665828542
9       11      0.0       0.0       
9       12      1.0       0.2133691574418058
9       13      0.0       0.0       
9       14      0.0       0.0       
9       15      3.0       2.4996274803473226
9       16      0.0       0.0       
9       17      0.0       0.0       
9       18      0.0       0.0       
9       19      0.0       0.0       
9       20      0.0       0.0       
9       21      0.0       0.0       
9       22      0.0       0.0       
10      1       0.0       0.0       
10      2       1.0       0.829740157345575
10      3       0.0       0.0       
10      4       0.0       0.0       
10      5       0.0       0.0       
10      6       0.0       0.0       
10      7       0.0       0.0       
10      8       0.0       0.0       
10      9       0.0       0.0       
10      10      5.0       4.204895845600555
10      11      0.0       0.0       
10      12      0.0       0.0       
10      13      0.0       0.0       
10      14      0.0       0.0       
10      15      1.0       1.9653831736527851
10      16      0.0       0.0       
10      17      0.0       0.0       
10      18      0.0       0.0       
10      19      0.0       0.0       
10      20      0.0       0.0       
10      21      0.0       0.0       
10      22      0.0       0.0       
11      1       18.0      17.435736312216857
11      2       0.0       0.0       
11      3       15.0      13.225703645827805
11      4       11.0      8.771783305522172
11      5       1.0       4.526779560085272
11      6       2.0       0.8304242763546879
11      7       0.0       0.0       
11      8       4.0       2.3013076925535096
11      9       0.0       0.0       
11      10      0.0       0.0       
11      11      67.0      67.29703940915229
11      12      2.0       5.452643850405722
11      13      1.0       0.40628183539416807
11      14      1.0       0.4303701956756062
11      15      2.0       3.3218098389641084
11      16      0.0       0.0       
11      17      0.0       0.0       
11      18      0.0       0.0       
11      19      0.0       0.0       
11      20      0.0       0.0       
11      21      0.0       0.0       
11      22      0.0       0.0       
12      1       26.0      33.07898980022146
12      2       6.0       7.279744044192687
12      3       4.0       6.065336980703122
12      4       18.0      18.89413107172255
12      5       20.0      18.34663922324131
12      6       9.0       10.438261096342188
12      7       1.0       11.410513922298694
12      8       13.0      6.840519432325493
12      9       2.0       1.2117386434827717
12      10      0.0       0.0       
12      11      1.0       1.1888339547491897
12      12      142.0     128.88190097078882
12      13      2.0       0.7657917609085861
12      14      1.0       0.5972324261890718
12      15      0.0       0.0       
12      16      0.0       0.0       
12      17      0.0       0.0       
12      18      0.0       0.0       
12      19      0.0       0.0       
12      20      0.0       0.0       
12      21      0.0       0.0       
12      22      0.0       0.0       
13      1       9.0       11.672078623470082
13      2       4.0       3.8283180985034955
13      3       4.0       1.821534657333681
13      4       1.0       2.5142617755617427
13      5       2.0       4.551926323357887
13      6       11.0      8.703863275160106
13      7       3.0       10.671938091168851
13      8       2.0       2.845635914424526
13      9       0.0       0.0       
13      10      0.0       0.0       
13      11      1.0       1.2112411390920468
13      12      1.0       0.46840587711242
13      13      73.0      66.22248736912358
13      14      1.0       0.4095055158065007
13      15      1.0       1.133162036615918
13      16      0.0       0.0       
13      17      0.0       0.0       
13      18      0.0       0.0       
13      19      4.0       0.9454629163184527
13      20      0.0       0.0       
13      21      0.0       0.0       
13      22      0.0       0.0       
14      1       11.0      8.042293721506113
14      2       1.0       0.7873098767552028
14      3       2.0       0.3350271935616724
14      4       2.0       3.4100999185663627
14      5       1.0       0.18683575078576314
14      6       0.0       0.0       
14      7       2.0       1.4130941377425286
14      8       12.0      5.73492385094311
14      9       1.0       3.513362651352815
14      10      0.0       0.0       
14      11      0.0       0.0       
14      12      0.0       0.0       
14      13      4.0       7.444203457641323
14      14      51.0      56.13272091643539
14      15      0.0       0.0       
14      16      0.0       0.0       
14      17      0.0       0.0       
14      18      0.0       0.0       
14      19      0.0       0.0       
14      20      0.0       0.0       
14      21      0.0       0.0       
14      22      0.0       0.0       
15      1       11.0      12.192104732411265
15      2       13.0      9.82564635580921
15      3       5.0       7.691760144203331
15      4       2.0       3.0447252779891314
15      5       4.0       1.067377621445561
15      6       3.0       3.672799426088681
15      7       2.0       1.1265131086787645
15      8       4.0       2.375568219293326
15      9       10.0      9.241093557745794
15      10      1.0       2.161287787816592
15      11      0.0       0.0       
15      12      0.0       0.0       
15      13      0.0       0.0       
15      14      0.0       0.0       
15      15      62.0      65.24649470137226
15      16      0.0       0.0       
15      17      0.0       0.0       
15      18      0.0       0.0       
15      19      0.0       0.0       
15      20      0.0       0.0       
15      21      0.0       0.0       
15      22      1.0       0.3548943121648816
16      1       3.0       6.837024791866764
16      2       4.0       2.1215818393889334
16      3       4.0       1.8155277241540897
16      4       1.0       1.0224886358805152
16      5       0.0       0.0       
16      6       0.0       0.0       
16      7       1.0       0.3618864062815146
16      8       2.0       0.9530123329874466
16      9       0.0       0.0       
16      10      0.0       0.0       
16      11      2.0       2.405280018668947
16      12      0.0       0.0       
16      13      0.0       0.0       
16      14      0.0       0.0       
16      15      2.0       2.5125636629532644
16      16      56.0      56.97062001681789
16      17      0.0       0.0       
16      18      0.0       0.0       
16      19      0.0       0.0       
16      20      0.0       0.0       
16      21      0.0       0.0       
16      22      0.0       0.0       
17      1       5.0       5.587150305433649
17      2       0.0       0.0       
17      3       0.0       0.0       
17      4       1.0       1.5612981869169724
17      5       4.0       1.1726295579108228
17      6       0.0       0.0       
17      7       1.0       0.6530784817610971
17      8       0.0       0.0       
17      9       0.0       0.0       
17      10      0.0       0.0       
17      11      0.0       0.0       
17      12      2.0       5.642513434989344
17      13      1.0       1.648496507105142
17      14      0.0       0.0       
17      15      0.0       0.0       
17      16      0.0       0.0       
17      17      53.0      50.734468905103896
17      18      0.0       0.0       
17      19      0.0       0.0       
17      20      0.0       0.0       
17      21      0.0       0.0       
17      22      0.0       0.0       
18      1       2.0       1.85079389873569
18      2       1.0       0.46733620681475374
18      3       1.0       0.2536038153239169
18      4       1.0       1.4181232270252226
18      5       0.0       0.0       
18      6       0.0       0.0       
18      7       0.0       0.0       
18      8       2.0       0.7245033222762377
18      9       1.0       0.04813622722455151
18      10      0.0       0.0       
18      11      0.0       0.0       
18      12      0.0       0.0       
18      13      2.0       0.9882367716047629
18      14      0.0       0.0       
18      15      0.0       0.0       
18      16      0.0       0.0       
18      17      2.0       4.265531094896104
18      18      54.0      55.982898158797184
18      19      0.0       0.0       
18      20      0.0       0.0       
18      21      0.0       0.0       
18      22      0.0       0.0       
19      1       4.0       1.5007614846857056
19      2       0.0       0.0       
19      3       1.0       0.43023326908175735
19      4       0.0       0.0       
19      5       0.0       0.0       
19      6       4.0       1.1539578500520524
19      7       3.0       0.7578743687697553
19      8       0.0       0.0       
19      9       0.0       0.0       
19      10      0.0       0.0       
19      11      0.0       0.0       
19      12      0.0       0.0       
19      13      2.0       6.108708026469246
19      14      0.0       0.0       
19      15      0.0       0.0       
19      16      0.0       0.0       
19      17      0.0       0.0       
19      18      0.0       0.0       
19      19      32.0      36.04837287642791
19      20      0.0       0.0       
19      21      0.0       0.0       
19      22      0.0       0.0       
20      1       0.0       0.0       
20      2       0.0       0.0       
20      3       0.0       0.0       
20      4       0.0       0.0       
20      5       0.0       0.0       
20      6       0.0       0.0       
20      7       0.0       0.0       
20      8       1.0       0.11876785198841444
20      9       0.0       0.0       
20      10      0.0       0.0       
20      11      0.0       0.0       
20      12      0.0       0.0       
20      13      0.0       0.0       
20      14      1.0       1.8812198365852808
20      15      0.0       0.0       
20      16      0.0       0.0       
20      17      0.0       0.0       
20      18      0.0       0.0       
20      19      0.0       0.0       
20      20      5.0       5.0       
20      21      0.0       0.0       
20      22      0.0       0.0       
21      1       0.0       0.0       
21      2       0.0       0.0       
21      3       0.0       0.0       
21      4       0.0       0.0       
21      5       0.0       0.0       
21      6       0.0       0.0       
21      7       0.0       0.0       
21      8       0.0       0.0       
21      9       0.0       0.0       
21      10      0.0       0.0       
21      11      0.0       0.0       
21      12      0.0       0.0       
21      13      0.0       0.0       
21      14      0.0       0.0       
21      15      1.0       1.002931419830209
21      16      0.0       0.0       
21      17      0.0       0.0       
21      18      0.0       0.0       
21      19      0.0       0.0       
21      20      0.0       0.0       
21      21      12.0      12.000000000000002
21      22      0.0       0.0       
22      1       1.0       1.9821155701993876
22      2       3.0       1.372763644224695
22      3       0.0       0.0       
22      4       0.0       0.0       
22      5       0.0       0.0       
22      6       0.0       0.0       
22      7       0.0       0.0       
22      8       0.0       0.0       
22      9       0.0       0.0       
22      10      0.0       0.0       
22      11      0.0       0.0       
22      12      0.0       0.0       
22      13      0.0       0.0       
22      14      0.0       0.0       
22      15      0.0       0.0       
22      16      0.0       0.0       
22      17      0.0       0.0       
22      18      0.0       0.0       
22      19      0.0       0.0       
22      20      0.0       0.0       
22      21      0.0       0.0       
22      22      18.0      18.64510568783512
